# Sensor settings for HMC5883L compass node
gauss: 4.7
declination: [4,25]
calibration: [[1.010497307212931, 0.03369658103274431, 47.38027496871664], [0.03369658103274431, 1.1081667469822736, 152.16614770424175], [0.0, 0.0, 1.0]]